# Position (bp)	A	C	G	T	N
0.0	27.326556355271947	16.238035171032127	20.749424946204645	35.68598352749128	0.0
1.0	23.23601530811009	31.23610697343997	26.399615005614503	19.128262712835436	0.0
2.0	31.830158427608783	17.76900738880355	19.42952606263104	30.97130812095662	0.0
3.0	32.986432315757014	19.805294920928592	21.232544821814017	25.975727941500377	0.0
4.0	33.27965004298291	19.444595579833944	20.209582467327554	27.0661719098556	0.0
5.0	30.92439884855962	21.592753717291085	20.312533818150335	27.17031361599896	0.0
6.0	23.01287230031777	20.433026337049604	21.738568427855874	34.815532934776755	0.0
7.0	28.528941237102334	22.39926130324146	18.90977806886629	30.16201939078991	0.0
8.0	30.037794837203823	21.957408537564643	15.672544673925845	32.33225195130569	0.0
9.0	28.798880891869384	19.911154774363027	18.500523247122143	32.78944108664545	0.0
10.0	26.562866338427437	19.952256111857107	22.919197732165316	30.56567981755014	0.0
11.0	26.55191123120951	24.00076598189304	18.22504973562986	31.222273051267596	0.0
12.0	27.078001380555406	22.268358732012956	19.45945945945946	31.194180427972178	0.0
13.0	28.921859754804224	22.314724472913927	19.00691469053578	29.756501081746066	0.0
14.0	34.93422028260916	19.506175454949897	17.633413130521365	27.92619113191958	0.0
15.0	28.62538483511601	20.55733646491256	19.259212238550163	31.55806646142127	0.0
16.0	31.393935550693854	19.47641544331357	21.46125960451082	27.668389401481765	0.0
17.0	27.18133916220526	20.064202067560004	20.40633150653108	32.34812726370366	0.0
18.0	28.978106040622524	18.414138749670272	20.707992614085992	31.899762595621205	0.0
19.0	28.80005060408628	22.611592552765302	20.989099036413858	27.599257806734563	0.0
20.0	27.515880624058486	19.996418300378185	24.65473469086772	27.832966384695606	0.0
21.0	27.226789906412186	21.85470202440231	20.041898706193216	30.876609362992287	0.0
22.0	26.86885901239243	20.397020766269016	23.11220517999537	29.62191504134318	0.0
23.0	28.749237852952923	23.05678783928684	20.459180455396	27.73479385236423	0.0
24.0	27.711235789783352	22.74159994956818	17.98104604005127	31.566118220597193	0.0
25.0	29.59490108782393	19.621781679196943	19.730984081649797	31.052333151329332	0.0
26.0	26.474199540345683	17.361920053731282	18.423952397443564	37.73992800847947	0.0
27.0	29.399918184964914	18.307687466565973	19.47092943977679	32.82146490869232	0.0
28.0	29.9531343377473	19.51372943729752	18.684406420700572	31.848729804254607	0.0
29.0	30.127123528856934	17.705069221014682	18.18086544608516	33.98694180404322	0.0
30.0	30.068091347161115	17.105593966059082	19.063482086737903	33.762832600041904	0.0
31.0	32.5371477638041	18.10004502759249	18.38487072892342	30.97793647967999	0.0
32.0	32.26559474086403	18.113871180479226	19.079023123868144	30.5415109547886	0.0
33.0	31.576799522847843	17.42442474912888	20.309311791727268	30.689463936296	0.0
34.0	31.40128454570179	17.769200192472645	19.45961212577669	31.369903136048872	0.0
35.0	28.33078901691796	19.411740103306215	17.866329283339258	34.39114159643656	0.0
36.0	28.548729367244754	18.828989870480132	19.64750525292439	32.97477550935073	0.0
37.0	27.88600213197333	17.99322784942416	19.88065129695044	34.24011872165207	0.0
38.0	28.64485932488482	17.75442188952851	19.846004367040337	33.75471441854634	0.0
39.0	27.429783056016877	18.34362172155548	18.583858197808624	35.64273702461902	0.0
40.0	28.416282032539	18.9459284476097	19.66019924395898	32.97759027589232	0.0
41.0	29.83952640975579	18.69512105994007	19.895801793712607	31.569550736591527	0.0
42.0	31.200810003966513	19.51629402308929	18.799189996033487	30.483705976910713	0.0
43.0	29.32016948798764	19.8376088000167	18.96303408545367	31.879187626541988	0.0
44.0	30.029635194924452	19.494532097837883	18.057642541113616	32.41819016612405	0.0
45.0	29.64504820333041	19.77066900379784	17.719419055965947	32.864863736905804	0.0
46.0	31.390897046704012	19.119748797713306	18.90589303038838	30.583461125194294	0.0
47.0	32.2631452681207	18.515505210126108	18.44040429326908	30.780945228484107	0.0
48.0	30.930652176180395	20.022111202661687	17.812033917750497	31.23520270340742	0.0
49.0	33.036096075425256	17.52761177685304	17.193871697798357	32.242420449923344	0.0
50.0	32.726779774132666	17.98283575085769	16.47496793434623	32.81541654066342	0.0
51.0	33.39415677851229	18.72562717661043	16.08137134277313	31.798844702104144	0.0
52.0	32.07869795956668	18.565128087497783	16.708198225438167	32.64797572749737	0.0
53.0	32.6661036916565	18.982683305705855	16.74016618188263	31.61104682075501	0.0
54.0	32.75441486145571	18.07226403686175	16.757709067406125	32.41561203427642	0.0
55.0	31.5334097779631	20.16783070989263	16.52454915042218	31.774210361722087	0.0
56.0	30.9445133582813	20.210980580196594	17.76448146101967	31.080024600502433	0.0
57.0	31.208371986366334	20.80384410927777	16.823189735144204	31.164594169211686	0.0
58.0	30.759930375327016	19.329185036949024	18.52454061265543	31.38634397506853	0.0
59.0	30.992360047111305	19.253098193719186	19.33856560666229	30.41597615250722	0.0
60.0	31.956893317213492	17.952432567640805	18.2505106932922	31.8401634218535	0.0
61.0	32.88100970307142	18.214884990984796	19.386340660142366	29.517764645801414	0.0
62.0	33.52822853807752	17.81988347976529	19.177896590897248	29.47399139125994	0.0
63.0	32.88031016800767	18.873764956017844	18.357860507775044	29.88806436819944	0.0
64.0	33.44068202899457	18.124211820863167	18.52129777277512	29.91380837736714	0.0
65.0	32.308157288616066	19.215015997748853	19.65899261081177	28.817834102823316	0.0
66.0	31.17359540608423	20.913363834377247	19.210446781236648	28.702593978301877	0.0
67.0	30.333600825404105	21.453211468114596	19.096849499234	29.1163382072473	0.0
68.0	30.619880359338854	21.393584425870728	19.31446318027388	28.67207203451654	0.0
69.0	30.859256943358865	20.998384659475796	19.478922411547078	28.663435985618257	0.0
70.0	31.024636291633666	21.204510400600274	19.097294593355286	28.673558714410774	0.0
71.0	31.7426737254575	21.84438701071324	17.690399766559672	28.722539497269583	0.0
72.0	31.044113509175986	21.063601404795897	18.113321591963068	29.778963494065053	0.0
73.0	32.04318556034932	21.3228704224765	18.225682069238623	28.408261947935554	0.0
74.0	33.16346735029909	20.91644261030868	17.563934221221785	28.356155818170446	0.0
75.0	33.09642659885993	20.047103450431955	19.749059494158963	27.107410456549154	0.0
76.0	34.59983326385994	18.609837432263443	19.155898290954564	27.63443101292205	0.0
77.0	33.66020904761409	18.502693858835546	19.994997863670942	27.84209922987943	0.0
78.0	32.1217173822426	18.587953313880785	20.250104210087535	29.04022509378908	0.0
79.0	31.37420410375048	18.119861193609903	19.877867050155793	30.62806765248382	0.0
80.0	30.4457018997301	18.786798803680664	19.962276341430375	30.805222955158868	0.0
81.0	31.57154319894126	18.548815689380284	18.944801642299637	30.934839469378822	0.0
82.0	32.31732733108249	19.059230544787628	19.022758534450418	29.60068358967946	0.0
83.0	32.82827756531163	19.827433489990934	17.852714066879944	29.491574877817495	0.0
84.0	31.94739694051936	20.737985077737484	18.41940727772915	28.89521070401401	0.0
85.0	31.37361148740179	19.931017235270826	19.09426255132026	29.601108726007126	0.0
86.0	29.801911073598212	20.636260381172693	19.357695874623566	30.20413267060552	0.0
87.0	28.451895924725694	21.097437714261897	19.739707613916995	30.710958747095418	0.0
88.0	28.3341495691317	20.383665558669986	19.778261730350426	31.50392314184789	0.0
89.0	28.789504944304934	19.623003261469847	19.905386114266065	31.682105679959154	0.0
90.0	29.09659268521413	19.32270501198291	19.051787016776075	32.52891528602688	0.0
91.0	28.579020308641333	18.82795486042368	19.609457220560806	32.98356761037418	0.0
92.0	28.118454917733853	19.42919067615584	19.292688263918556	33.15966614219175	0.0
93.0	28.15521840613538	19.418972990997	18.818772924308103	33.60703567855952	0.0
94.0	29.135753584528175	19.174099699899966	19.591947315771925	32.09819939979993	0.0
95.0	30.20173391130377	19.021965655218406	19.456485495165055	31.319814938312774	0.0
96.0	29.414706832414634	19.92205816461566	19.674061415665474	30.989173587304236	0.0
97.0	29.970406802267423	18.9959153051017	19.215780260086696	31.817897632544177	0.0
98.0	29.069500885693444	19.164322184015838	19.48942377826404	32.27675315202668	0.0
99.0	30.26602340339068	18.51118590378143	19.661557377903282	31.561233314924614	0.0
100.0	29.527858534704638	18.975272750007814	20.27884585326206	31.218022862025485	0.0
101.0	29.845987120438487	18.017839651543255	20.937623741741866	31.198549486276388	0.0
102.0	30.007502657191086	17.76358293562303	20.713586061730197	31.515328345455686	0.0
103.0	29.73074358119373	17.768422807602533	20.97157385795265	31.529259753251083	0.0
104.0	29.75856787087497	18.154820827558897	21.311048359366044	30.775562942200086	0.0
105.0	29.836096320763566	18.46599493597024	21.019891425534798	30.6780173177314	0.0
106.0	29.817761245350255	19.089743990497325	20.590165984183052	30.502328779969368	0.0
107.0	30.90765111020808	19.047023642065998	20.342179571337773	29.70314567638815	0.0
108.0	30.783016410523572	19.117478510028654	20.714769471216464	29.38473560823131	0.0
109.0	30.80521807989664	19.654281367870468	20.561818825932026	28.978681726300877	0.0
110.0	31.470309357840225	18.84488345680556	20.023339897679556	29.661467287674657	0.0
111.0	30.604759721585463	18.77422581586296	19.68699203934481	30.93402242320677	0.0
112.0	30.928490304564825	18.86468069144447	19.678451231075407	30.5283777729153	0.0
113.0	30.55995498687117	19.27020380944442	19.309798691284957	30.86004251239945	0.0
114.0	30.763540125450646	19.865796986683893	18.744660012086605	30.62600287577886	0.0
115.0	31.033728236066395	19.152261573567568	18.967834703510363	30.846175486855675	0.0
116.0	30.917748556900825	19.665742805343115	18.225769479233957	31.190739158522103	0.0
117.0	31.06153749973951	19.331277220913996	17.8110738324963	31.79611144685019	0.0
118.0	31.63811786279903	18.5504709510711	18.24414436942569	31.567266816704176	0.0
119.0	31.141767562048056	17.575593389876428	19.432346260445538	31.850292787629986	0.0
120.0	30.62912872236231	17.574551441015274	20.451372246650134	31.344947589972282	0.0
121.0	30.547538421463923	17.97759833289919	20.442823651992708	31.03203959364418	0.0
122.0	30.723625944256316	18.34540244855431	20.31049752539724	30.620474081792132	0.0
123.0	30.574310244227725	18.938067850295905	20.082103859298158	30.40551804617821	0.0
124.0	30.65317732373381	19.366098127676423	19.73806224407931	30.242662304510453	0.0
125.0	30.968158706343253	18.945361340335083	19.487163457531047	30.599316495790614	0.0
126.0	30.6785029590731	19.245436359089773	19.800783529215636	30.275277152621488	0.0
127.0	29.984579478202882	20.09877469367342	19.375677252646494	30.5409685754772	0.0
128.0	30.073456629330554	20.344881479551965	19.87705131544673	29.70461057567075	0.0
129.0	30.891699835372076	19.314606039135597	20.02625711130098	29.767437014191344	0.0
130.0	31.282820705176295	18.821372009669084	20.40510127531883	29.490706009835794	0.0
131.0	31.55300859598854	18.830945558739252	20.26256837718156	29.35347746809065	0.0
132.0	31.859006418271235	18.84950404267734	20.260273401683754	29.03121613736768	0.0
133.0	31.82670667666917	19.129782445611404	20.26756689172293	28.7759439859965	0.0
134.0	31.38629851523834	19.676999218546495	19.7780672050013	29.158635061213857	0.0
135.0	31.91280971929898	19.385458561693792	19.527163606810177	29.17456811219705	0.0
136.0	31.662741992623	19.2854314710234	19.322941630024797	29.728884906328794	0.0
137.0	31.470309357840225	18.974086461817386	19.080366353036794	30.475237827305595	0.0
138.0	31.176801567123746	18.521026966198477	19.29000125036469	31.01217021631309	0.0
139.0	31.316036261331664	18.55163071793269	19.774929665520474	30.357403355215173	0.0
140.0	31.833243029216856	18.164673029633644	19.73075480348435	30.271329137665155	0.0
141.0	31.2393198016088	18.578335347809777	20.207977326720293	29.97436752386113	0.0
142.0	31.438991351464	17.443992914452433	20.825257893091592	30.291757840991977	0.0
143.0	31.58799624882776	17.09700948212983	20.95967489840575	30.355319370636657	0.0
144.0	31.554981296043515	17.068011545394867	20.457647782096302	30.919359376465316	0.0
145.0	31.107568226577886	16.99855158544083	20.325736972084155	31.56814321589713	0.0
146.0	30.924891630543517	18.049766588862955	20.129626542180727	30.8957152384128	0.0
147.0	30.89916325403524	18.18541790407119	19.911011076724293	31.00440776516928	0.0
148.0	30.72963341183336	18.908780192985017	20.268636808869807	30.092949586311818	0.0
149.0	31.327824610030326	18.900895080703144	19.737623607623295	30.033656701643242	0.0
150.0	30.822774258086028	19.495040013337782	19.179309769923307	30.502875958652886	0.0
151.0	30.444205941501945	18.745636611822565	19.701153497483563	31.109003949191926	0.0
152.0	30.378150822678627	18.455302343513917	19.262871612116665	31.90367522169079	0.0
153.0	30.53132847749747	17.911365365177616	19.23265289109798	32.32465326622693	0.0
154.0	30.945657270880005	17.83462720783619	19.682175793257958	31.53753972802584	0.0
155.0	31.16448705257125	17.661647475642162	19.901005574949203	31.27285989683739	0.0
156.0	30.22768717761684	17.79502943781587	19.85619757203147	32.121085812535824	0.0
157.0	30.27843194464706	18.46904111872955	19.90913448513015	31.343392451493234	0.0
158.0	30.63961485557084	18.63928139719061	19.256179400608563	31.464924346629985	0.0
159.0	30.560736950699745	18.928128549545136	19.464793722580577	31.046340777174535	0.0
160.0	31.35270885653846	19.349124141596242	19.109448433250314	30.188718568614988	0.0
161.0	31.65836476938788	20.01313019736979	18.78451887205352	29.543986161188805	0.0
162.0	31.718093808943216	20.184241514782048	18.576296620502077	29.521368055772655	0.0
163.0	31.462453887997334	20.36014255642859	19.028365394635376	29.149038160938705	0.0
164.0	31.28699458107545	20.116715298040848	19.1725719049604	29.4237182159233	0.0
165.0	30.30846185910796	19.634222592746976	19.96040016673614	30.096915381408923	0.0
166.0	30.245935806586076	19.56335973322218	20.042726135889954	30.147978324301793	0.0
167.0	30.082639460602966	19.596911180816807	20.002292645817484	30.318156712762743	0.0
168.0	29.658499984368326	19.3905730572432	19.634427203284734	31.316499755103745	0.0
169.0	29.7435309565743	19.537918025782382	19.567097762539472	31.15145325510385	0.0
170.0	29.633064810279603	19.94956074074846	18.73443313150682	31.68294131746511	0.0
171.0	29.694550684160614	20.032931417197286	18.6312619194014	31.6412559792407	0.0
172.0	29.635457918212516	19.976864396181586	18.97432156405019	31.413356121555715	0.0
173.0	29.16931542253301	20.22885250685203	19.24403639130027	31.35779567931469	0.0
174.0	29.622026073635617	20.348273741910607	19.233214185224938	30.79648599922884	0.0
175.0	30.242082556091667	19.52396335935139	19.39161516897842	30.842338915578527	0.0
176.0	30.592232099125667	19.410373180212382	19.335341135276522	30.662053585385422	0.0
177.0	30.95312532566331	19.4470497509327	19.196940328060194	30.4028845953438	0.0
178.0	31.356426770045225	19.56897809458305	18.720690302007128	30.3539048333646	0.0
179.0	31.818797611479905	19.420794297564584	19.013328609093467	29.747079481862045	0.0
180.0	31.981367042174263	19.64901676757782	19.246761637782804	29.122854552465117	0.0
181.0	32.057107127969985	19.021467278032514	19.30700291788245	29.614422676115048	0.0
182.0	31.440897864757556	18.971248736465856	19.504798824522464	30.083054574254124	0.0
183.0	31.7965819091288	18.764068361817422	19.003751563151315	30.435598165902462	0.0
184.0	31.67251998290901	19.040820367456256	18.551017643319405	30.735642006315327	0.0
185.0	32.34852748077284	18.93849392442527	18.517476395923214	30.19550219887868	0.0
186.0	32.397169624527145	19.002907491741265	18.59856813847581	30.00135474525579	0.0
187.0	32.47949645160954	19.27802498983941	18.77051657478715	29.4719619837639	0.0
188.0	31.947310281581526	19.366806311094436	18.952041518164197	29.73384188915984	0.0
189.0	30.955209570853913	19.73780195502199	19.112528397840723	30.194460076283374	0.0
190.0	30.459476640578593	20.03918421793095	19.452463082422337	30.048876059068125	0.0
191.0	30.44624619617324	20.283254825128182	19.054566676393346	30.21593230230522	0.0
192.0	30.308683146442117	20.20300971278503	18.750260536079036	30.73804660469382	0.0
193.0	29.926216182416944	20.173829671932967	18.928467214139815	30.971486931510277	0.0
194.0	30.378915775651848	20.15881948352404	18.617520165072218	30.844744575751893	0.0
195.0	30.328167825171693	20.153818898048083	18.707337661660954	30.81067561511927	0.0
196.0	30.073887262002774	20.157987431870524	18.463478433048135	31.304646873078568	0.0
197.0	30.382042143437754	19.796160820358907	18.209008107713792	31.61278892848955	0.0
198.0	30.277514355089153	20.06273512646026	18.24529226023614	31.414458258214445	0.0
199.0	30.164651938307628	20.39912463526469	18.056481867444766	31.37974155898291	0.0
200.0	30.11775739891622	20.64922884535223	17.94497707378074	31.288036681950814	0.0
201.0	30.11838512682632	20.82473582192209	17.87657099981242	31.18030805143917	0.0
202.0	30.303567148469657	20.999593576423266	17.750289186006523	30.946550089100555	0.0
203.0	30.783259342629066	20.64757498072073	17.865107651264093	30.704058025386104	0.0
204.0	30.81139665270222	20.292211175722713	17.81508576668959	31.081306404885474	0.0
205.0	31.10657189903495	19.623986493528147	17.923171519686516	31.346270087750383	0.0
206.0	31.279635670143918	19.1158539762602	17.850703961149264	31.753806392446617	0.0
207.0	31.262635736468035	18.634194126597052	18.14960711978157	31.953563017153336	0.0
208.0	31.1601150527325	18.59602317728959	18.36883571637	31.875026053607904	0.0
209.0	31.340343709941326	18.42360322241097	18.498639959146665	31.737413108501038	0.0
210.0	30.734518623507096	18.52137482543719	18.843404131146173	31.90070241990954	0.0
211.0	30.892927861266855	18.869458282093504	18.625591429226503	31.612022427413134	0.0
212.0	31.591892032723674	18.65874628732218	18.8223646500964	30.926997029857745	0.0
213.0	31.931634620394977	18.127247147100203	18.96722421968631	30.97389401281851	0.0
214.0	31.55706096925482	18.621156852527356	19.251693590411673	30.57008858780615	0.0
215.0	31.632429728293154	18.373302483611084	19.188318794359503	30.805948993736255	0.0
216.0	31.12903730106619	18.440004585769522	19.041365725541695	31.38959238762259	0.0
217.0	30.650977612873643	18.52878642598074	19.304206445157792	31.516029515987825	0.0
218.0	31.351030234812242	18.42437128057614	18.998634691346446	31.225963793265173	0.0
219.0	31.232608310491816	18.71580285770862	18.975310314639763	31.0762785171598	0.0
220.0	31.340934672947846	19.019677325217828	18.916496435569265	30.72289156626506	0.0
221.0	31.28706473365504	18.934411706462942	18.78849781650286	30.990025743379157	0.0
222.0	31.560461092697977	18.74804577574886	18.906468221708046	30.78502490984512	0.0
223.0	31.575052633773165	18.20920100890084	19.252496195776793	30.963250161549205	0.0
224.0	31.881474996352114	17.428553561378276	19.68711566923061	31.002855773039002	0.0
225.0	32.006170265988494	17.073501209038604	19.75214708580005	31.168181439172848	0.0
226.0	32.10172494658398	16.763770910417428	19.521600917192142	31.61290322580645	0.0
227.0	32.36854447860754	16.58554380113607	19.73943405075825	31.30647766949815	0.0
228.0	32.49465839804054	16.222835999791545	19.66126426598572	31.621241336182187	0.0
229.0	32.332402234636874	16.847327607771202	19.71879429667306	31.10147586091887	0.0
230.0	32.51029235499505	17.061858356349994	19.505966960237636	30.921882328417322	0.0
231.0	31.997832068706742	17.893771366630535	19.627074126573834	30.48132243808889	0.0
232.0	32.37758739290852	18.617764159006107	19.23686240176766	29.767786046317717	0.0
233.0	32.791020042315026	18.254869876077418	19.543081076010715	29.411029005596838	0.0
234.0	32.814291372230215	18.783482375502885	19.607904446251016	28.794321806015883	0.0
235.0	32.54085716668057	18.978779287917952	19.77820395230551	28.70215959309597	0.0
236.0	32.13157812451143	18.559978320461106	20.081715185057796	29.226728369969667	0.0
237.0	31.668091138396115	18.3485856038023	20.399824894206915	29.583498363594675	0.0
238.0	31.356444518563297	18.37985449542432	20.252861103583413	30.010839882428968	0.0
239.0	31.264722436472038	18.43926538950616	20.05378249358988	30.242229680431926	0.0
240.0	31.27755599795708	18.48114987335967	19.901814656924568	30.339479471758686	0.0
241.0	30.779333131820596	18.41652682377711	19.74129934021951	31.062840704182783	0.0
242.0	30.37147443246962	18.356923974901505	19.691063350774428	31.580538241854455	0.0
243.0	29.83781868212045	18.602905922328073	19.52533822517771	32.03393717037377	0.0
244.0	29.277063225698857	18.705050968293342	19.29499072356215	32.722895082445646	0.0
245.0	29.1874257363824	18.576848512643053	19.356486210418794	32.87923954055575	0.0
246.0	29.50845302370182	18.885368243313668	19.243918200579515	32.362260532404996	0.0
247.0	29.495210598180133	18.890776623132968	19.06484193410534	32.54917084458157	0.0
248.0	30.222741059609554	18.82615357355041	18.700034396139294	32.251070970700745	0.0
249.0	29.838020388167358	19.155079322062164	18.736058704580042	32.27084158519043	0.0
250.0	30.200125078173855	19.106733375026057	18.702313946216385	31.9908276005837	0.0
251.0	30.286953168158938	19.18927651945507	18.457561575584485	32.066208736801514	0.0
252.0	29.87940253702874	18.83905398221787	18.82029206058016	32.461251420173234	0.0
253.0	29.915884051324277	18.61078393562576	19.206996112112908	32.26633590093705	0.0
254.0	30.05795409535325	18.35039296212137	19.4271300214722	32.16452292105318	0.0
255.0	30.175325216811206	18.638467311541028	19.19613075383589	31.990076717811878	0.0
256.0	30.189190597800593	18.922186897378435	18.92427164225778	31.964350862563194	0.0
257.0	30.63564533950424	18.807721975524842	18.896324556465906	31.660308128505015	0.0
258.0	30.4878557281351	19.08787657667049	18.75638486396331	31.667882831231104	0.0
259.0	30.995517564891067	19.0993432711352	18.540602522672785	31.36453664130095	0.0
260.0	31.077150809452824	18.89522459318871	18.86290902646749	31.164715570890973	0.0
261.0	31.453529583454948	18.733060918150358	18.715340032523038	31.09806946587166	0.0
262.0	31.626898499963513	18.546663747902137	18.910466898082998	30.91597085405135	0.0
263.0	31.9163131065684	18.52828654525743	18.511607543078735	31.043792805095432	0.0
264.0	32.0636310566258	18.27724960386957	18.408598115253106	31.25052122425152	0.0
265.0	31.76165208960981	18.354582130161475	18.786160309401943	31.09760547082677	0.0
266.0	31.929488048203318	18.19821322463957	18.529715304346013	31.342583422811092	0.0
267.0	31.72791243158718	18.294500912170967	18.441490747980193	31.536095908261665	0.0
268.0	31.177157392156452	18.425661447365677	18.58515939369931	31.81202176677856	0.0
269.0	30.813335279277776	18.607051268686277	18.493422012801535	32.086191439234405	0.0
270.0	31.11252423743302	18.244271626045077	18.533035881825572	32.11016825469633	0.0
271.0	31.04789108270959	18.04828722139983	18.745699810270416	32.15812188562017	0.0
272.0	31.070825427934036	18.03265016783771	18.939599274440717	31.956925129787546	0.0
273.0	30.971071149335415	18.060985144644253	19.162887672660933	31.805056033359396	0.0
274.0	30.6468595256711	17.996351316132394	19.119103466249673	32.23768569194683	0.0
275.0	30.66105105136411	17.822628566662843	19.62720098412268	31.889119397850358	0.0
276.0	30.658562775617437	17.94706060195369	19.81943474317407	31.5749418792548	0.0
277.0	30.514199924934317	17.968847741774052	20.00500437883148	31.51194795446015	0.0
278.0	30.64371507214947	18.02694136291601	20.13303861873384	31.19630494620068	0.0
279.0	31.154924878272567	18.071962548612778	19.89344287933605	30.879669693778606	0.0
280.0	31.22478130767065	17.90201332485325	19.811074850642786	31.062130516833314	0.0
281.0	31.422166614534458	17.831300177249503	20.057345428005423	30.689187780210613	0.0
282.0	31.470456370100823	17.73243386960556	20.05963986695722	30.737469893336396	0.0
283.0	30.702019622767413	18.081723300211657	20.291109280672302	30.92514779634862	0.0
284.0	30.58837022594334	18.549875402725498	19.93347860993233	30.928275761398826	0.0
285.0	30.722872723102107	19.055563085841786	19.611298209761337	30.61026598129477	0.0
286.0	30.824574574574577	19.595637303970637	19.40377877877878	30.176009342676007	0.0
287.0	31.102583887718716	19.888010677566683	18.94955266834894	30.059852766365662	0.0
288.0	31.34208523195312	19.93472571243861	18.811716004713094	29.911473050895175	0.0
289.0	31.80955558799608	19.762882943004318	18.95997997956247	29.467581489437134	0.0
290.0	32.011470281543275	19.86757038581856	18.62773722627737	29.493222106360793	0.0
291.0	31.732674299776846	19.85859976224739	18.791841331414627	29.61688460656114	0.0
292.0	31.697550496887285	19.747228797564055	18.43540465290885	30.119816052639813	0.0
293.0	31.726036539584552	19.49820639025611	18.489822307499793	30.28593476265955	0.0
294.0	31.86088951457323	19.332603368267375	18.639136555607696	30.1673705615517	0.0
295.0	31.809080860116378	19.38598869585167	18.527749389951403	30.27718105408055	0.0
296.0	31.31374225707552	19.448557782551568	18.643502200346216	30.5941977600267	0.0
297.0	31.1680727477501	19.358034475926292	18.535242405597906	30.938650370725707	0.0
298.0	31.266098672478698	19.365334278831615	18.100382718238038	31.26818433045165	0.0
299.0	31.198314788357855	19.143211704712545	17.78440553533626	31.87406797159334	0.0
300.0	31.21147970091041	19.13631101980374	17.657548675058138	31.994660604227715	0.0
301.0	31.326193281955554	19.05184011012504	17.599149033798792	32.022817574120616	0.0
302.0	30.999781001345276	19.218696228008884	17.51884952706719	32.26267324357865	0.0
303.0	30.39628741266034	19.638127020544374	17.772447596203982	32.1931379705913	0.0
304.0	31.25208576672785	19.65835140997831	17.714416819622894	31.37514600367095	0.0
305.0	30.860605302129613	20.355422063700644	17.728344075256032	31.05562855891371	0.0
306.0	31.193942680739227	20.38087689291227	17.93312752909766	30.492052897250844	0.0
307.0	31.24537196374748	20.693970776884328	18.030307770929152	30.030349488439036	0.0
308.0	31.347517730496456	20.770755110554862	18.04755944931164	29.834167709637043	0.0
309.0	31.592561302502165	20.31352670609218	18.182671547920773	29.911240443484882	0.0
310.0	31.591134289439378	19.872750977835725	18.318644067796612	30.217470664928292	0.0
311.0	31.663102998696218	19.53063885267275	18.398956975228163	30.407301173402868	0.0
312.0	31.599808081440223	19.083380269937628	18.67659636606379	30.64021528255836	0.0
313.0	31.37171049200505	19.05541706215514	18.62568189166919	30.94719055417062	0.0
314.0	31.16968457943925	18.887683578104138	18.66551234979973	31.277119492656873	0.0
315.0	31.184612656590627	18.532194302761003	18.576003170927603	31.70718986972077	0.0
316.0	31.2892458537603	18.623135495984144	18.462501303848963	31.625117346406594	0.0
317.0	30.98811920433091	18.50024512616174	18.331264538067572	32.18037113143978	0.0
318.0	31.287422026578763	18.84818392339307	18.245259007364446	31.61913504266372	0.0
319.0	31.090920470666777	18.933071851790036	18.3050988900943	31.670908787448887	0.0
320.0	31.238003838771593	19.1594341984478	18.270675123091046	31.33188683968956	0.0
321.0	31.38124198074335	19.443372312571064	18.439856879087866	30.73552882759772	0.0
322.0	31.411493485494923	19.294201099485726	18.54834503405902	30.74596038096033	0.0
323.0	31.45491910161588	19.52514578399975	18.585243216740906	30.43469189764346	0.0
324.0	31.65625228194991	19.26539468605585	18.355744254702124	30.72260877729212	0.0
325.0	31.23585191057886	19.345719322769426	18.528911653331388	30.88951711332033	0.0
326.0	31.413519716252868	19.28854579595243	18.57396202795744	30.723972459837263	0.0
327.0	31.480554164580205	19.21006509764647	18.415122684026038	30.894258053747286	0.0
328.0	31.144633617092303	19.05983975963946	18.683233183107994	31.112293440160236	0.0
329.0	30.99336504757136	18.817810048405942	18.669671173426806	31.519153730595896	0.0
330.0	31.04761308629611	18.884576865297948	18.768778167250876	31.299031881155067	0.0
331.0	30.73632816575208	18.97051766227805	18.786905084816492	31.506249087153382	0.0
332.0	30.723086392705497	19.225272031131002	18.822572063472194	31.22906951269131	0.0
333.0	30.77661394650086	18.931269039769642	18.678796477903433	31.613320535826066	0.0
334.0	30.516838459291407	19.202520552518465	18.845720485748863	31.434920502441265	0.0
335.0	30.588100280643914	19.024318995106988	18.907470970568905	31.480109753680193	0.0
336.0	30.37037037037037	19.18935837245696	18.74282733437663	31.697443922796037	0.0
337.0	30.215234379075422	19.322058654759047	18.56670387797473	31.8960030881908	0.0
338.0	30.333128149485127	19.198948345835635	18.748239418251625	31.71968408642761	0.0
339.0	30.362657541106753	19.344169935731575	18.663926216509473	31.6292463066522	0.0
340.0	30.31393783843	19.105449309837557	18.558744665978068	32.02186818575438	0.0
341.0	30.19395494903335	19.32454849917055	18.589001220695483	31.892495331100605	0.0
342.0	30.006155643890786	19.309941886548355	18.46380168393377	32.220100785627096	0.0
343.0	30.003651729354686	19.379206009703168	18.410976055088945	32.2061662058532	0.0
344.0	29.874167901337618	19.358944930197616	18.39903173973832	32.36785542872644	0.0
345.0	29.778487286234494	18.958483321334292	18.448263269373232	32.81476612305798	0.0
346.0	29.752712854757927	18.7771285475793	18.771911519198664	32.69824707846411	0.0
347.0	29.429257095158594	18.515233722871454	18.9712020033389	33.08430717863105	0.0
348.0	29.418086582706415	18.573858241425725	18.97661703481881	33.03143814104905	0.0
349.0	29.708042906632166	18.11323510997955	18.979297967360907	33.19942401602738	0.0
350.0	29.522308944446763	18.135147543720525	19.174422972578153	33.16812053925456	0.0
351.0	29.663174589924456	18.066279894820315	19.29024583663759	32.980299678617634	0.0
352.0	30.12124880003339	18.124713051462916	18.959472432071458	32.79456571643224	0.0
353.0	30.091616753970406	18.787695389945114	18.961955047269235	32.158732808815245	0.0
354.0	30.328801143656154	18.94858764726138	18.595890768315716	32.126720440766746	0.0
355.0	30.6303674099736	18.917283190550226	18.542673191906754	31.909676207569415	0.0
356.0	30.954169797145003	19.105309291259704	18.468778696051423	31.47174221554387	0.0
357.0	30.856403460258164	19.150379313583286	18.33644645260928	31.65677077354927	0.0
358.0	31.35206770251797	18.99594077073181	18.070353017290856	31.58163850945936	0.0
359.0	31.26963091275266	18.992810259728063	18.342707474616773	31.394851352902503	0.0
360.0	31.653640262545522	18.835241205872837	18.40427419102378	31.106844340557853	0.0
361.0	31.60075133048106	18.759261191693625	18.67891057080246	30.961076907022857	0.0
362.0	31.433073495497187	19.00990305648603	18.92224691899112	30.634776529025658	0.0
363.0	31.23826021622073	18.927662061192972	19.304378678465582	30.52969904412072	0.0
364.0	31.19443169011145	18.906791334474267	19.692574195433483	30.2062027799808	0.0
365.0	31.029552949033683	18.87757231706808	19.76353466627708	30.329340067621153	0.0
366.0	30.517176608089493	18.87339817172434	19.778144174980174	30.831281045205994	0.0
367.0	30.518220144425428	18.634428350795172	20.329131360353966	30.518220144425428	0.0
368.0	30.491724584142094	18.816396385114686	20.136497401540293	30.555381629202934	0.0
369.0	30.56268653601319	19.08563437897857	19.90691461607497	30.44476446893328	0.0
370.0	30.6948154950743	18.808440474202705	19.836366672232426	30.660377358490564	0.0
371.0	30.95667964224961	18.786069859425385	19.380929023909164	30.876321474415835	0.0
372.0	30.952505191972534	18.296615564437857	19.39553959987894	31.355339643710668	0.0
373.0	31.195666920612393	18.254871061667068	19.388234311894053	31.161227705826487	0.0
374.0	31.664248964214526	18.029450746704793	19.182642635747904	31.123657653332774	0.0
375.0	31.50699227718639	18.38447088290545	18.764349822584013	31.34418701732415	0.0
376.0	31.781465247338758	18.16426633270716	18.98037987893968	31.073888541014398	0.0
377.0	31.64612446383285	18.37527004038865	18.65287677809203	31.325728717686474	0.0
378.0	31.89692959569183	18.13646705211964	18.69272996722954	31.273873384958982	0.0
379.0	32.02738525120541	18.062368239787933	18.354588908138343	31.555657600868315	0.0
380.0	32.12026967793108	18.357719843870672	18.481913627919596	31.040096850278655	0.0
381.0	32.006846384253315	17.932099731780372	18.43722930168968	31.623824582276633	0.0
382.0	32.18773482508141	17.964640561075395	18.623194456040746	31.22443015780246	0.0
383.0	32.28270852467229	18.026216915755196	18.722342823745514	30.968731735827003	0.0
384.0	31.683974325523145	18.357250952356104	18.65156812607629	31.307206596044463	0.0
385.0	31.39135607902894	18.159331197227935	19.059000344420905	31.39031237932222	0.0
386.0	31.205903227153176	18.426710641673278	18.89429299043961	31.473093140733937	0.0
387.0	31.18287426024695	18.76859167719108	18.930371885730985	31.11816217683099	0.0
388.0	31.070149985909467	19.050402363034788	18.914715736517447	30.9647319145383	0.0
389.0	30.92089469674039	19.400056362137168	18.794685259213644	30.8843636819088	0.0
390.0	30.70797106743625	19.951152814453756	18.79677274577545	30.54410337233454	0.0
391.0	30.792835671342683	19.79584168336673	18.934744488977955	30.476578156312623	0.0
392.0	30.474808730051038	19.936956589810766	19.178139384387364	30.410095295750832	0.0
393.0	30.391624741665453	19.985178381312235	19.192952424691565	30.43024445233075	0.0
394.0	30.28724714527274	19.927770703296243	19.29941757301213	30.485564578418888	0.0
395.0	29.67621393678761	19.692288422195315	19.975157613460816	30.65634002755626	0.0
396.0	29.322366498267293	19.719427163792744	19.87182163583984	31.086384702100123	0.0
397.0	29.421527284873285	19.46891570289341	19.993945973028264	31.115611039205042	0.0
398.0	29.390213352260865	19.23406120830028	20.062836624775585	31.31288881466327	0.0
399.0	29.44688579689571	19.17058964750582	19.943008047764685	31.43951650783378	0.0
400.0	29.6528256195069	18.755349575165443	19.98496899855953	31.606855806768124	0.0
401.0	29.675789649485395	18.806496732844828	19.99123191582639	31.526481701843384	0.0
402.0	29.985386221294362	18.506263048016702	19.737995824634655	31.770354906054283	0.0
403.0	30.171405904213124	18.48511420101048	19.622948766128022	31.72053112864838	0.0
404.0	30.43655267443317	18.17612426406113	19.569710635099586	31.81761242640611	0.0
405.0	30.173808653896337	18.482175478887207	19.573046609948328	31.77096925726812	0.0
406.0	30.164629244918622	18.60926391832218	19.716883632073994	31.5092232046852	0.0
407.0	30.526150955214533	18.277481991857186	19.597035181125378	31.599331871802903	0.0
408.0	30.187182244307802	18.719268391986553	19.495975529549323	31.59757383415632	0.0
409.0	30.13811606760693	18.481245236926995	19.7475701802921	31.633068515173978	0.0
410.0	29.979746941161732	18.753914895393994	19.805194805194805	31.461143358249466	0.0
411.0	29.485827634807123	18.92571905830767	19.69515059769275	31.89330270919246	0.0
412.0	29.517764112629592	19.114039025714373	19.31658018646315	32.05161667519288	0.0
413.0	29.381610131445697	19.352481181027553	19.27730969607751	31.988598991449248	0.0
414.0	29.04946856271795	19.692413706696737	18.894735743072523	32.36338198751279	0.0
415.0	28.76549268567729	19.547671006881	19.146714558686867	32.54012174875484	0.0
416.0	28.62095250028715	19.63161357015318	18.990487527279182	32.75694640228049	0.0
417.0	28.675249819879085	19.88430494210026	18.921571698566343	32.51887353945431	0.0
418.0	28.587091586872305	19.641421366441467	18.997149331189238	32.77433771549699	0.0
419.0	28.39943194870831	19.94549213708414	18.78537267923898	32.86970323496857	0.0
420.0	28.885152774587	19.64871243290658	18.685908815605355	32.780225976901065	0.0
421.0	28.881277346727792	19.655183216549535	18.996251083426447	32.467288353296226	0.0
422.0	29.385841243982163	19.587079795732947	18.74432156395877	32.28275739632612	0.0
423.0	29.141472686069946	19.90455005900352	18.846663951460467	32.107313303466064	0.0
424.0	29.27741167378568	19.800946184453753	19.266237089177363	31.65540505258321	0.0
425.0	29.65639686684073	19.837075718015665	19.115404699738903	31.391122715404702	0.0
426.0	30.06955758867026	20.053682583448218	19.036428959351632	30.840330868529893	0.0
427.0	30.592806116054643	20.015039478631408	18.874545682416343	30.517608722897606	0.0
428.0	30.83607499086114	19.96866677111076	18.920048044284297	30.275210193743803	0.0
429.0	31.14653074440417	19.8963871277718	18.828923867517574	30.128158260306453	0.0
430.0	31.467129039670766	19.874031210177776	18.92769851051829	29.731141239633164	0.0
431.0	31.09553554640984	20.19449725280465	18.848058161154864	29.86190903963064	0.0
432.0	31.24621330826282	20.105505066332395	19.06298965841429	29.585291966990496	0.0
433.0	31.242295719031404	19.877567223115978	19.217349518417148	29.66278753943547	0.0
434.0	31.17817893109356	20.289582549830765	19.107016004345827	29.42522251472985	0.0
435.0	31.184638047577756	20.4362861351693	19.18572458392971	29.193351233323234	0.0
436.0	30.82677700111797	20.384707812222466	19.11314505427912	29.675370132380447	0.0
437.0	30.90538634345123	20.60916357557076	18.729428974452745	29.75602110652526	0.0
438.0	30.640947942571735	20.28066289105766	18.652692733694177	30.425696432676435	0.0
439.0	30.379852656878626	20.50890851141648	18.740791054914048	30.370447776790844	0.0
440.0	29.989862993656537	20.53841089362414	18.774362779420834	30.6973633332985	0.0
441.0	30.099177526727765	20.228453185908222	18.846865300406535	30.825503986957475	0.0
442.0	29.79901965907547	20.111620906972128	19.09156467846281	30.997794755489593	0.0
443.0	29.681310296530896	19.994146728962196	19.13392493179894	31.190618042707975	0.0
444.0	29.775269154384866	19.9268318177067	19.36030103480715	30.937597993101285	0.0
445.0	29.84058955730936	19.850520043903202	19.499294412794647	30.80959598599279	0.0
446.0	29.718174405720138	19.887729715038365	19.327423637389977	31.066672241851517	0.0
447.0	30.037112539856775	19.70414510480372	19.212795985573152	31.045946369766348	0.0
448.0	29.895031783205084	19.729633656741385	19.45989461358314	30.915439946470393	0.0
449.0	29.977415779678385	19.80615210890613	19.203906233663034	31.012525877752452	0.0
450.0	30.40445866532823	19.54430432691302	19.1699604743083	30.881276533450446	0.0
451.0	30.522033756509735	19.89939974483927	19.17783866312509	30.400727835525903	0.0
452.0	30.150596109600503	20.22275674545074	19.138255595063793	30.488391549884962	0.0
453.0	30.581848989111904	20.068194416843603	18.81726615695175	30.53269043709274	0.0
454.0	30.903366179208767	20.031799828448293	18.549551245841965	30.515282746500972	0.0
455.0	30.707269360727253	20.049585220675155	19.002437416965677	30.240708001631916	0.0
456.0	31.253008014396617	19.870681537592333	18.86522002971395	30.011090418297098	0.0
457.0	31.48609338049097	19.926542912751398	18.99629575371994	29.59106795303769	0.0
458.0	31.672247802427794	19.54688154039347	19.103181247383844	29.677689409794894	0.0
459.0	31.632599662993083	19.768281578699487	19.242885700231298	29.356233058076132	0.0
460.0	31.65806525903671	19.440577009641252	19.358924701916735	29.542433029405302	0.0
461.0	31.687221256726485	19.607822609351118	19.47591029962939	29.22904583429301	0.0
462.0	31.733799616782015	19.36821384819961	19.462447778696852	29.435538756321527	0.0
463.0	31.077090619698843	19.577373348132944	19.476847682673984	29.86868834949423	0.0
464.0	30.81475119662327	19.603674183311163	19.433999811472923	30.147574808592648	0.0
465.0	30.719666411725875	19.539639800098485	19.61088352698356	30.129810261192073	0.0
466.0	30.99686678053841	19.341080803529326	19.51503211811923	30.147020297813032	0.0
467.0	30.557913823643474	19.71092873837898	19.54742215095012	30.18373528702743	0.0
468.0	30.388014635731736	19.75823784112473	19.10088799890966	30.752859524233877	0.0
469.0	30.13224544586956	19.586169286755528	19.485490755403607	30.796094511971305	0.0
470.0	30.384700118546803	19.633658899927614	19.16156985344258	30.820071128083004	0.0
471.0	30.434371950003676	19.789687995214457	19.2292757668937	30.54666428788817	0.0
472.0	30.81203086452155	19.630465592357357	19.126555036481026	30.43094850664007	0.0
473.0	30.82860743541273	19.90128124343625	19.006511237135058	30.263600084015962	0.0
474.0	31.54461124709788	19.590498902184077	18.365567450020485	30.499322400697558	0.0
475.0	31.7094196804037	19.3376787216148	18.64066442388562	30.31223717409588	0.0
